8 0.822266 0.389583 0.355469 0.545833
7 0.621094 0.452083 0.029687 0.168056
0 0.433594 0.708333 0.070312 0.127778
0 0.298438 0.431944 0.065625 0.119444
0 0.120313 0.432639 0.132812 0.126389
7 0.264453 0.400694 0.014844 0.054167
7 0.197656 0.421528 0.026562 0.093056
7 0.431250 0.393750 0.020313 0.062500
7 0.572266 0.372222 0.010156 0.055556
8 0.535937 0.361111 0.042188 0.075000
1 0.563281 0.318750 0.026562 0.187500
7 0.203516 0.404861 0.021094 0.068056
7 0.228906 0.394444 0.023438 0.063889
0 0.448047 0.348611 0.035156 0.041667
7 0.230469 0.390972 0.025000 0.062500
3 0.321875 0.240972 0.057813 0.223611
6 0.367969 0.235417 0.032813 0.056944
6 0.476172 0.260417 0.021094 0.026389
6 0.437500 0.296528 0.014063 0.029167
