6 0.341016 0.114583 0.035156 0.156944
6 0.596094 0.262500 0.028125 0.069444
0 0.101562 0.587500 0.143750 0.183333
0 0.748047 0.570139 0.111719 0.137500
5 0.475781 0.200000 0.134375 0.061111
5 0.460938 0.507639 0.017188 0.026389
0 0.246484 0.546528 0.071094 0.093056
0 0.296484 0.548611 0.033594 0.052778
0 0.319531 0.554167 0.026562 0.052778
0 0.179688 0.553472 0.053125 0.084722
1 0.573828 0.398611 0.032031 0.497222
0 0.956250 0.619444 0.087500 0.186111
1 0.101172 0.379167 0.030469 0.280556
0 0.424609 0.545139 0.021094 0.031944
14 0.367969 0.656944 0.303125 0.122222
