0 0.162500 0.637500 0.126562 0.108333
7 0.346094 0.624306 0.020313 0.079167
0 0.283984 0.619444 0.067969 0.094444
0 0.718359 0.640972 0.033594 0.131944
0 0.080078 0.652778 0.066406 0.111111
0 0.324219 0.620139 0.021875 0.051389
0 0.917969 0.751389 0.164062 0.369444
0 0.782813 0.711806 0.167187 0.215278
0 0.025000 0.667361 0.045312 0.179167
0 0.656250 0.648611 0.073438 0.166667
0 0.598437 0.618056 0.031250 0.108333
0 0.574219 0.628472 0.025000 0.070833
0 0.551953 0.600000 0.032031 0.119444
0 0.373828 0.616667 0.022656 0.041667
1 0.539844 0.487500 0.046875 0.163889
1 0.691797 0.272917 0.083594 0.534722
0 0.405469 0.609722 0.010937 0.033333
