6 0.319141 0.481250 0.025781 0.065278
6 0.451953 0.520139 0.028906 0.056944
6 0.543359 0.545139 0.014844 0.051389
6 0.198437 0.440278 0.018750 0.069444
6 0.087891 0.401389 0.047656 0.083333
1 0.594922 0.672222 0.019531 0.172222
1 0.724219 0.695833 0.021875 0.152778
5 0.498047 0.593750 0.069531 0.081944
0 0.776563 0.892361 0.376563 0.215278
0 0.237500 0.681250 0.043750 0.065278
0 0.347656 0.822222 0.328125 0.336111
1 0.625000 0.607639 0.026562 0.329167
1 0.578906 0.661806 0.009375 0.156944
3 0.151172 0.472222 0.069531 0.475000
3 0.081641 0.492361 0.066406 0.437500
