6 0.432422 0.433333 0.016406 0.058333
6 0.338672 0.456944 0.017969 0.061111
6 0.820703 0.549306 0.022656 0.062500
6 0.608203 0.615278 0.010156 0.036111
6 0.503125 0.524306 0.010937 0.034722
1 0.925000 0.477083 0.042188 0.590278
1 0.203516 0.500000 0.027344 0.527778
1 0.222656 0.543750 0.037500 0.440278
1 0.812109 0.502778 0.036719 0.530556
1 0.602734 0.583333 0.022656 0.258333
0 0.498047 0.721528 0.092969 0.140278
0 0.763672 0.702083 0.086719 0.068056
0 0.432812 0.691667 0.034375 0.038889
1 0.291797 0.620833 0.017969 0.205556
1 0.115625 0.707639 0.018750 0.173611
