5 0.290234 0.490278 0.075781 0.144444
0 0.549609 0.495833 0.116406 0.150000
6 0.163672 0.121528 0.027344 0.084722
7 0.808203 0.434722 0.035156 0.094444
7 0.085938 0.481944 0.023438 0.069444
1 0.132031 0.294444 0.031250 0.513889
9 0.812500 0.604861 0.370312 0.315278
7 0.014453 0.506944 0.027344 0.116667
0 0.224219 0.497222 0.056250 0.075000
8 0.434375 0.435417 0.034375 0.059722
1 0.771484 0.256944 0.027344 0.461111
7 0.057813 0.495833 0.021875 0.102778
1 0.032031 0.294444 0.031250 0.552778
1 0.746875 0.556944 0.026562 0.088889
1 0.923828 0.654167 0.035156 0.180556
1 0.656641 0.510417 0.013281 0.045833
1 0.703516 0.531944 0.017969 0.069444
7 0.119141 0.477778 0.016406 0.077778
8 0.468359 0.436111 0.022656 0.061111
