6 0.614062 0.350000 0.017188 0.050000
6 0.690234 0.361806 0.010156 0.040278
6 0.490625 0.347917 0.012500 0.040278
6 0.539062 0.347917 0.010937 0.043056
5 0.512500 0.348611 0.014063 0.027778
0 0.681641 0.540278 0.125781 0.113889
0 0.503516 0.674306 0.288281 0.420833
0 0.876172 0.676389 0.247656 0.575000
0 0.093359 0.620139 0.180469 0.295833
0 0.198828 0.553472 0.075781 0.123611
0 0.326562 0.545833 0.062500 0.072222
0 0.274609 0.531944 0.035156 0.050000
0 0.369141 0.523611 0.033594 0.050000
6 0.089453 0.455556 0.013281 0.038889
1 0.293359 0.461806 0.016406 0.098611
1 0.812109 0.404861 0.024219 0.226389
0 0.772656 0.539583 0.040625 0.056944
