1 0.056641 0.441667 0.057031 0.419444
6 0.196484 0.277778 0.025781 0.091667
7 0.342187 0.622222 0.025000 0.127778
7 0.361328 0.605556 0.027344 0.122222
6 0.378906 0.447222 0.009375 0.055556
6 0.495312 0.451389 0.023438 0.066667
1 0.441016 0.464583 0.025781 0.376389
5 0.367578 0.391667 0.066406 0.033333
1 0.380078 0.403472 0.036719 0.529167
0 0.208203 0.602778 0.092969 0.086111
0 0.561719 0.609028 0.082812 0.070833
3 0.141016 0.477778 0.027344 0.266667
4 0.623828 0.506250 0.116406 0.145833
1 0.505078 0.593056 0.025781 0.213889
