8 0.785937 0.715278 0.214062 0.305556
3 0.175391 0.687500 0.096094 0.208333
7 0.163281 0.730556 0.017188 0.050000
7 0.184375 0.734722 0.015625 0.061111
7 0.256641 0.731250 0.013281 0.054167
3 0.305469 0.645139 0.090625 0.237500
6 0.497266 0.658333 0.008594 0.025000
0 0.536719 0.738889 0.035937 0.044444
0 0.489063 0.733333 0.029687 0.038889
6 0.388281 0.689583 0.007812 0.023611
3 0.624609 0.639583 0.035156 0.265278
3 0.587109 0.682639 0.039844 0.156944
0 0.406250 0.727083 0.021875 0.043056
0 0.433594 0.731944 0.017188 0.025000
