6 0.385937 0.466667 0.014063 0.036111
6 0.174609 0.488889 0.021094 0.038889
6 0.581250 0.488194 0.014063 0.031944
0 0.336719 0.631944 0.060937 0.075000
0 0.686328 0.663194 0.180469 0.218056
6 0.661719 0.518750 0.009375 0.029167
1 0.045312 0.478472 0.035937 0.415278
1 0.387891 0.581944 0.021094 0.175000
3 0.825391 0.387500 0.122656 0.366667
0 0.535547 0.633333 0.035156 0.038889
7 0.442188 0.630556 0.012500 0.044444
0 0.475391 0.632639 0.016406 0.023611
5 0.105078 0.493750 0.030469 0.026389
3 0.262109 0.502083 0.053906 0.218056
3 0.207813 0.538194 0.035937 0.254167
0 0.850781 0.677778 0.137500 0.211111
0 0.951953 0.711111 0.086719 0.191667
