0 0.314063 0.678472 0.068750 0.090278
0 0.899219 0.710417 0.201563 0.579167
0 0.730469 0.731250 0.231250 0.429167
0 0.631250 0.703472 0.093750 0.259722
1 0.232813 0.366667 0.056250 0.719444
0 0.573047 0.668750 0.088281 0.176389
0 0.520703 0.656250 0.044531 0.137500
0 0.348828 0.650000 0.049219 0.088889
0 0.367578 0.638889 0.033594 0.050000
3 0.651172 0.446528 0.044531 0.320833
4 0.418359 0.552778 0.111719 0.166667
3 0.476562 0.568750 0.028125 0.170833
1 0.345703 0.502778 0.022656 0.236111
14 0.433984 0.684722 0.122656 0.030556
