0 0.496484 0.466667 0.132031 0.230556
7 0.099219 0.434722 0.018750 0.077778
7 0.202734 0.427083 0.019531 0.065278
7 0.133203 0.422222 0.017969 0.069444
7 0.020703 0.443056 0.022656 0.086111
7 0.349219 0.428472 0.010937 0.051389
3 0.060547 0.276389 0.042969 0.461111
3 0.270313 0.355556 0.032813 0.211111
0 0.726172 0.496528 0.192969 0.254167
3 0.879297 0.277778 0.092969 0.552778
1 0.909766 0.375000 0.042969 0.333333
6 0.581250 0.295833 0.006250 0.025000
6 0.425391 0.304861 0.007031 0.023611
0 0.412891 0.437500 0.039844 0.138889
0 0.579297 0.438889 0.041406 0.111111
