5 0.396484 0.304167 0.021094 0.036111
3 0.012891 0.365972 0.024219 0.337500
3 0.391016 0.332639 0.053906 0.423611
1 0.953125 0.375000 0.093750 0.730556
3 0.067969 0.347917 0.032813 0.273611
0 0.269141 0.496528 0.046094 0.070833
0 0.095703 0.506250 0.047656 0.065278
0 0.128516 0.511111 0.014844 0.041667
0 0.145313 0.510417 0.023438 0.045833
0 0.170703 0.509722 0.025781 0.058333
0 0.193750 0.510417 0.020313 0.031944
0 0.208594 0.512500 0.018750 0.019444
0 0.228516 0.512500 0.014844 0.022222
0 0.348828 0.507639 0.057031 0.079167
1 0.430469 0.473611 0.009375 0.069444
6 0.284375 0.452083 0.004687 0.015278
